<?xml version="1.0"?>
<opencv_storage>
<image_width>640</image_width>
<image_height>480</image_height>
<camera_matrix type_id="opencv-matrix">
  <rows>3</rows>
  <cols>3</cols>
  <dt>d</dt>
  <data>
    6.7392988164681913e+02 0. 320. 0. 6.7246344945949591e+02 240. 0. 0.
    1.</data></camera_matrix>
<distortion_coefficients type_id="opencv-matrix">
  <rows>1</rows>
  <cols>5</cols>
  <dt>d</dt>
  <data>
    5.0619139237739703e-02 -8.9492780403708824e-02 0. 0.
    -1.4898213507821897e-01</data></distortion_coefficients>
</opencv_storage>
