<?xml version="1.0"?>
<opencv_storage>
<image_width>640</image_width>
<image_height>480</image_height>
<camera_matrix type_id="opencv-matrix">
  <rows>3</rows>
  <cols>3</cols>
  <dt>d</dt>
  <data>
    6.9201500366036294e+02 0. 320. 0. 6.9185854670078595e+02 240. 0. 0.
    1.</data></camera_matrix>
<distortion_coefficients type_id="opencv-matrix">
  <rows>1</rows>
  <cols>5</cols>
  <dt>d</dt>
  <data>
    9.3451188062200707e-02 -3.7477462697575414e-01 0. 0.
    9.1057050185608623e-01</data></distortion_coefficients>
</opencv_storage>
